336 90 
336 104 
337 118 
338 132 
342 146 
349 158 
359 167 
372 175 
388 177 
404 176 
415 169 
424 160 
431 149 
434 137 
436 124 
438 112 
440 99 
348 81 
355 72 
366 70 
376 72 
386 77 
401 78 
411 75 
421 76 
430 80 
434 90 
394 86 
395 95 
395 103 
395 112 
381 119 
387 121 
393 123 
398 123 
403 122 
359 89 
365 85 
371 85 
377 90 
371 91 
364 90 
407 93 
413 90 
420 91 
424 96 
419 96 
413 95 
367 137 
375 132 
384 130 
391 132 
398 132 
406 135 
412 143 
405 148 
397 150 
389 149 
382 148 
374 144 
370 138 
384 134 
391 136 
398 136 
410 142 
397 144 
390 144 
383 142 
