259 341 
259 398 
263 454 
275 508 
296 560 
327 604 
365 640 
407 668 
453 676 
496 669 
531 639 
558 598 
579 552 
594 503 
605 453 
614 405 
615 357 
311 329 
337 304 
375 295 
414 301 
453 310 
495 317 
526 313 
558 314 
585 325 
595 352 
472 344 
474 378 
475 411 
477 446 
430 464 
449 473 
470 480 
488 475 
504 467 
357 342 
376 332 
397 333 
419 346 
397 348 
375 347 
500 353 
520 342 
541 344 
558 355 
540 360 
519 357 
402 534 
425 525 
448 521 
465 527 
480 524 
497 529 
514 542 
495 550 
478 552 
463 552 
446 550 
424 544 
413 533 
448 530 
465 533 
479 531 
506 539 
479 535 
463 537 
448 533 
