346 138 
344 158 
345 178 
347 199 
350 220 
358 240 
371 258 
386 272 
408 277 
435 276 
461 269 
487 257 
506 240 
518 217 
523 190 
527 164 
531 138 
347 117 
354 106 
367 104 
381 108 
394 115 
417 116 
434 108 
453 105 
472 107 
488 117 
405 129 
402 141 
399 154 
396 168 
386 184 
394 186 
403 187 
414 185 
425 183 
361 134 
369 127 
380 127 
391 135 
380 137 
369 137 
435 135 
446 128 
457 128 
467 135 
457 137 
446 137 
372 211 
384 205 
396 202 
406 203 
417 201 
435 203 
455 209 
436 224 
418 229 
406 231 
396 230 
384 226 
377 212 
396 207 
405 207 
416 206 
451 210 
418 222 
406 223 
396 222 
