300 323 
303 358 
309 392 
315 426 
327 459 
347 487 
375 510 
405 527 
440 532 
474 527 
502 509 
527 484 
543 454 
552 421 
557 388 
560 355 
561 321 
333 296 
347 278 
370 270 
395 270 
420 275 
448 274 
474 266 
501 261 
527 268 
542 289 
438 296 
439 320 
440 345 
441 370 
412 380 
426 386 
441 392 
457 386 
471 379 
360 311 
372 302 
387 300 
403 309 
388 310 
374 312 
471 305 
486 296 
500 295 
515 303 
502 305 
487 305 
378 422 
402 413 
423 410 
441 414 
458 409 
479 412 
498 421 
479 439 
459 446 
441 448 
421 446 
401 439 
387 422 
423 422 
441 425 
459 423 
490 422 
458 428 
441 429 
422 428 
